1 1 3 45 0
1 1 3 45 10
1 1 3 45 20
1 1 3 45 30
1 1 3 45 40
1 1 3 45 50
1 1 3 45 60
1 1 3 45 70
1 1 3 45 80
1 1 3 45 90
1 1 3 45 100
1 1 3 45 110
1 1 3 45 120
1 1 3 45 130
1 1 3 45 140
1 1 3 45 150
1 1 3 45 160
1 1 3 45 170
1 1 3 45 180
1 1 3 45 190
1 1 3 45 200
1 1 3 45 210
1 1 3 45 220
1 1 3 45 230
1 1 3 45 240
1 1 3 45 250
1 1 3 45 260
1 1 3 45 270
1 1 3 45 280
1 1 3 45 290
1 1 3 45 300
1 1 3 45 290
1 1 3 45 280
1 1 3 45 270
1 1 3 45 260
1 1 3 45 250
1 1 3 45 240
1 1 3 45 230
1 1 3 45 220
1 1 3 45 210
1 1 3 45 200
1 1 3 45 190
1 1 3 45 180
1 1 3 45 170
1 1 3 45 160
1 1 3 45 150
1 1 3 45 140
1 1 3 45 130
1 1 3 45 120
1 1 3 45 110
1 1 3 45 100
1 1 3 45 90
1 1 3 45 80
1 1 3 45 70
1 1 3 45 60
1 1 3 45 50
1 1 3 45 40
1 1 3 45 30
1 1 3 45 20
1 1 3 45 10
1 1 3 45 0
1 1 3 45 0
1 1 3 45 10
1 1 3 45 20
1 1 3 45 30
1 1 3 45 40
1 1 3 45 50
1 1 3 45 60
1 1 3 45 70
1 1 3 45 80
1 1 3 45 90
1 1 3 45 100
1 1 3 45 110
1 1 3 45 120
1 1 3 45 130
1 1 3 45 140
1 1 3 45 150
1 1 3 45 160
1 1 3 45 170
1 1 3 45 180
1 1 3 45 190
1 1 3 45 200
1 1 3 45 210
1 1 3 45 220
1 1 3 45 230
1 1 3 45 240
1 1 3 45 250
1 1 3 45 260
1 1 3 45 270
1 1 3 45 280
1 1 3 45 290
0 0 0 0
