1 1 3 45 0
1 1 3 45 1
1 1 3 45 2
1 1 3 45 3
1 1 3 45 4
1 1 3 45 5
1 1 3 45 6
1 1 3 45 7
1 1 3 45 8
1 1 3 45 9
1 1 3 45 10
1 1 3 45 11
1 1 3 45 12
1 1 3 45 13
1 1 3 45 14
1 1 3 45 15
1 1 3 45 16
1 1 3 45 17
1 1 3 45 18
1 1 3 45 19
1 1 3 45 20
1 1 3 45 21
1 1 3 45 22
1 1 3 45 23
1 1 3 45 24
1 1 3 45 25
1 1 3 45 26
1 1 3 45 27
1 1 3 45 28
1 1 3 45 29
1 1 3 45 30
1 1 3 45 31
1 1 3 45 32
1 1 3 45 33
1 1 3 45 34
1 1 3 45 35
1 1 3 45 36
1 1 3 45 37
1 1 3 45 38
1 1 3 45 39
1 1 3 45 40
1 1 3 45 41
1 1 3 45 42
1 1 3 45 43
1 1 3 45 44
1 1 3 45 45
1 1 3 45 46
1 1 3 45 47
1 1 3 45 48
1 1 3 45 49
1 1 3 45 50
1 1 3 45 51
1 1 3 45 52
1 1 3 45 53
1 1 3 45 54
1 1 3 45 55
1 1 3 45 56
1 1 3 45 57
1 1 3 45 58
1 1 3 45 59
1 1 3 45 60
1 1 3 45 61
1 1 3 45 62
1 1 3 45 63
1 1 3 45 64
1 1 3 45 65
1 1 3 45 66
1 1 3 45 67
1 1 3 45 68
1 1 3 45 69
1 1 3 45 70
1 1 3 45 71
1 1 3 45 72
1 1 3 45 73
1 1 3 45 74
1 1 3 45 75
1 1 3 45 76
1 1 3 45 77
1 1 3 45 78
1 1 3 45 79
1 1 3 45 80
1 1 3 45 81
1 1 3 45 82
1 1 3 45 83
1 1 3 45 84
1 1 3 45 85
1 1 3 45 86
1 1 3 45 87
1 1 3 45 88
1 1 3 45 89
1 1 3 45 90
1 1 3 45 91
1 1 3 45 92
1 1 3 45 93
1 1 3 45 94
1 1 3 45 95
1 1 3 45 96
1 1 3 45 97
1 1 3 45 98
1 1 3 45 99
1 1 3 45 100
1 1 3 45 101
1 1 3 45 102
1 1 3 45 103
1 1 3 45 104
1 1 3 45 105
1 1 3 45 106
1 1 3 45 107
1 1 3 45 108
1 1 3 45 109
1 1 3 45 110
1 1 3 45 111
1 1 3 45 112
1 1 3 45 113
1 1 3 45 114
1 1 3 45 115
1 1 3 45 116
1 1 3 45 117
1 1 3 45 118
1 1 3 45 119
1 1 3 45 120
1 1 3 45 121
1 1 3 45 122
1 1 3 45 123
1 1 3 45 124
1 1 3 45 125
1 1 3 45 126
1 1 3 45 127
1 1 3 45 128
1 1 3 45 129
1 1 3 45 130
1 1 3 45 131
1 1 3 45 132
1 1 3 45 133
1 1 3 45 134
1 1 3 45 135
1 1 3 45 136
1 1 3 45 137
1 1 3 45 138
1 1 3 45 139
1 1 3 45 140
1 1 3 45 141
1 1 3 45 142
1 1 3 45 143
1 1 3 45 144
1 1 3 45 145
1 1 3 45 146
1 1 3 45 147
1 1 3 45 148
1 1 3 45 149
1 1 3 45 150
1 1 3 45 151
1 1 3 45 152
1 1 3 45 153
1 1 3 45 154
1 1 3 45 155
1 1 3 45 156
1 1 3 45 157
1 1 3 45 158
1 1 3 45 159
1 1 3 45 160
1 1 3 45 161
1 1 3 45 162
1 1 3 45 163
1 1 3 45 164
1 1 3 45 165
1 1 3 45 166
1 1 3 45 167
1 1 3 45 168
1 1 3 45 169
1 1 3 45 170
1 1 3 45 171
1 1 3 45 172
1 1 3 45 173
1 1 3 45 174
1 1 3 45 175
1 1 3 45 176
1 1 3 45 177
1 1 3 45 178
1 1 3 45 179
1 1 3 45 180
1 1 3 45 181
1 1 3 45 182
1 1 3 45 183
1 1 3 45 184
1 1 3 45 185
1 1 3 45 186
1 1 3 45 187
1 1 3 45 188
1 1 3 45 189
1 1 3 45 190
1 1 3 45 191
1 1 3 45 192
1 1 3 45 193
1 1 3 45 194
1 1 3 45 195
1 1 3 45 196
1 1 3 45 197
1 1 3 45 198
1 1 3 45 199
1 1 3 45 200
1 1 3 45 201
1 1 3 45 202
1 1 3 45 203
1 1 3 45 204
1 1 3 45 205
1 1 3 45 206
1 1 3 45 207
1 1 3 45 208
1 1 3 45 209
1 1 3 45 210
1 1 3 45 211
1 1 3 45 212
1 1 3 45 213
1 1 3 45 214
1 1 3 45 215
1 1 3 45 216
1 1 3 45 217
1 1 3 45 218
1 1 3 45 219
1 1 3 45 220
1 1 3 45 221
1 1 3 45 222
1 1 3 45 223
1 1 3 45 224
1 1 3 45 225
1 1 3 45 226
1 1 3 45 227
1 1 3 45 228
1 1 3 45 229
1 1 3 45 230
1 1 3 45 231
1 1 3 45 232
1 1 3 45 233
1 1 3 45 234
1 1 3 45 235
1 1 3 45 236
1 1 3 45 237
1 1 3 45 238
1 1 3 45 239
1 1 3 45 240
1 1 3 45 241
1 1 3 45 242
1 1 3 45 243
1 1 3 45 244
1 1 3 45 245
1 1 3 45 246
1 1 3 45 247
1 1 3 45 248
1 1 3 45 249
1 1 3 45 250
1 1 3 45 251
1 1 3 45 252
1 1 3 45 253
1 1 3 45 254
1 1 3 45 255
1 1 3 45 256
1 1 3 45 257
1 1 3 45 258
1 1 3 45 259
1 1 3 45 260
1 1 3 45 261
1 1 3 45 262
1 1 3 45 263
1 1 3 45 264
1 1 3 45 265
1 1 3 45 266
1 1 3 45 267
1 1 3 45 268
1 1 3 45 269
1 1 3 45 270
1 1 3 45 271
1 1 3 45 272
1 1 3 45 273
1 1 3 45 274
1 1 3 45 275
1 1 3 45 276
1 1 3 45 277
1 1 3 45 278
1 1 3 45 279
1 1 3 45 280
1 1 3 45 281
1 1 3 45 282
1 1 3 45 283
1 1 3 45 284
1 1 3 45 285
1 1 3 45 286
1 1 3 45 287
1 1 3 45 288
1 1 3 45 289
1 1 3 45 290
1 1 3 45 291
1 1 3 45 292
1 1 3 45 293
1 1 3 45 294
1 1 3 45 295
1 1 3 45 296
1 1 3 45 297
1 1 3 45 298
1 1 3 45 299
1 1 3 45 300
1 1 3 45 299
1 1 3 45 298
1 1 3 45 297
1 1 3 45 296
1 1 3 45 295
1 1 3 45 294
1 1 3 45 293
1 1 3 45 292
1 1 3 45 291
1 1 3 45 290
1 1 3 45 289
1 1 3 45 288
1 1 3 45 287
1 1 3 45 286
1 1 3 45 285
1 1 3 45 284
1 1 3 45 283
1 1 3 45 282
1 1 3 45 281
1 1 3 45 280
1 1 3 45 279
1 1 3 45 278
1 1 3 45 277
1 1 3 45 276
1 1 3 45 275
1 1 3 45 274
1 1 3 45 273
1 1 3 45 272
1 1 3 45 271
1 1 3 45 270
1 1 3 45 269
1 1 3 45 268
1 1 3 45 267
1 1 3 45 266
1 1 3 45 265
1 1 3 45 264
1 1 3 45 263
1 1 3 45 262
1 1 3 45 261
1 1 3 45 260
1 1 3 45 259
1 1 3 45 258
1 1 3 45 257
1 1 3 45 256
1 1 3 45 255
1 1 3 45 254
1 1 3 45 253
1 1 3 45 252
1 1 3 45 251
1 1 3 45 250
1 1 3 45 249
1 1 3 45 248
1 1 3 45 247
1 1 3 45 246
1 1 3 45 245
1 1 3 45 244
1 1 3 45 243
1 1 3 45 242
1 1 3 45 241
1 1 3 45 240
1 1 3 45 239
1 1 3 45 238
1 1 3 45 237
1 1 3 45 236
1 1 3 45 235
1 1 3 45 234
1 1 3 45 233
1 1 3 45 232
1 1 3 45 231
1 1 3 45 230
1 1 3 45 229
1 1 3 45 228
1 1 3 45 227
1 1 3 45 226
1 1 3 45 225
1 1 3 45 224
1 1 3 45 223
1 1 3 45 222
1 1 3 45 221
1 1 3 45 220
1 1 3 45 219
1 1 3 45 218
1 1 3 45 217
1 1 3 45 216
1 1 3 45 215
1 1 3 45 214
1 1 3 45 213
1 1 3 45 212
1 1 3 45 211
1 1 3 45 210
1 1 3 45 209
1 1 3 45 208
1 1 3 45 207
1 1 3 45 206
1 1 3 45 205
1 1 3 45 204
1 1 3 45 203
1 1 3 45 202
1 1 3 45 201
1 1 3 45 200
1 1 3 45 199
1 1 3 45 198
1 1 3 45 197
1 1 3 45 196
1 1 3 45 195
1 1 3 45 194
1 1 3 45 193
1 1 3 45 192
1 1 3 45 191
1 1 3 45 190
1 1 3 45 189
1 1 3 45 188
1 1 3 45 187
1 1 3 45 186
1 1 3 45 185
1 1 3 45 184
1 1 3 45 183
1 1 3 45 182
1 1 3 45 181
1 1 3 45 180
1 1 3 45 179
1 1 3 45 178
1 1 3 45 177
1 1 3 45 176
1 1 3 45 175
1 1 3 45 174
1 1 3 45 173
1 1 3 45 172
1 1 3 45 171
1 1 3 45 170
1 1 3 45 169
1 1 3 45 168
1 1 3 45 167
1 1 3 45 166
1 1 3 45 165
1 1 3 45 164
1 1 3 45 163
1 1 3 45 162
1 1 3 45 161
1 1 3 45 160
1 1 3 45 159
1 1 3 45 158
1 1 3 45 157
1 1 3 45 156
1 1 3 45 155
1 1 3 45 154
1 1 3 45 153
1 1 3 45 152
1 1 3 45 151
1 1 3 45 150
1 1 3 45 149
1 1 3 45 148
1 1 3 45 147
1 1 3 45 146
1 1 3 45 145
1 1 3 45 144
1 1 3 45 143
1 1 3 45 142
1 1 3 45 141
1 1 3 45 140
1 1 3 45 139
1 1 3 45 138
1 1 3 45 137
1 1 3 45 136
1 1 3 45 135
1 1 3 45 134
1 1 3 45 133
1 1 3 45 132
1 1 3 45 131
1 1 3 45 130
1 1 3 45 129
1 1 3 45 128
1 1 3 45 127
1 1 3 45 126
1 1 3 45 125
1 1 3 45 124
1 1 3 45 123
1 1 3 45 122
1 1 3 45 121
1 1 3 45 120
1 1 3 45 119
1 1 3 45 118
1 1 3 45 117
1 1 3 45 116
1 1 3 45 115
1 1 3 45 114
1 1 3 45 113
1 1 3 45 112
1 1 3 45 111
1 1 3 45 110
1 1 3 45 109
1 1 3 45 108
1 1 3 45 107
1 1 3 45 106
1 1 3 45 105
1 1 3 45 104
1 1 3 45 103
1 1 3 45 102
1 1 3 45 101
1 1 3 45 100
1 1 3 45 99
1 1 3 45 98
1 1 3 45 97
1 1 3 45 96
1 1 3 45 95
1 1 3 45 94
1 1 3 45 93
1 1 3 45 92
1 1 3 45 91
1 1 3 45 90
1 1 3 45 89
1 1 3 45 88
1 1 3 45 87
1 1 3 45 86
1 1 3 45 85
1 1 3 45 84
1 1 3 45 83
1 1 3 45 82
1 1 3 45 81
1 1 3 45 80
1 1 3 45 79
1 1 3 45 78
1 1 3 45 77
1 1 3 45 76
1 1 3 45 75
1 1 3 45 74
1 1 3 45 73
1 1 3 45 72
1 1 3 45 71
1 1 3 45 70
1 1 3 45 69
1 1 3 45 68
1 1 3 45 67
1 1 3 45 66
1 1 3 45 65
1 1 3 45 64
1 1 3 45 63
1 1 3 45 62
1 1 3 45 61
1 1 3 45 60
1 1 3 45 59
1 1 3 45 58
1 1 3 45 57
1 1 3 45 56
1 1 3 45 55
1 1 3 45 54
1 1 3 45 53
1 1 3 45 52
1 1 3 45 51
1 1 3 45 50
1 1 3 45 49
1 1 3 45 48
1 1 3 45 47
1 1 3 45 46
1 1 3 45 45
1 1 3 45 44
1 1 3 45 43
1 1 3 45 42
1 1 3 45 41
1 1 3 45 40
1 1 3 45 39
1 1 3 45 38
1 1 3 45 37
1 1 3 45 36
1 1 3 45 35
1 1 3 45 34
1 1 3 45 33
1 1 3 45 32
1 1 3 45 31
1 1 3 45 30
1 1 3 45 29
1 1 3 45 28
1 1 3 45 27
1 1 3 45 26
1 1 3 45 25
1 1 3 45 24
1 1 3 45 23
1 1 3 45 22
1 1 3 45 21
1 1 3 45 20
1 1 3 45 19
1 1 3 45 18
1 1 3 45 17
1 1 3 45 16
1 1 3 45 15
1 1 3 45 14
1 1 3 45 13
1 1 3 45 12
1 1 3 45 11
1 1 3 45 10
1 1 3 45 9
1 1 3 45 8
1 1 3 45 7
1 1 3 45 6
1 1 3 45 5
1 1 3 45 4
1 1 3 45 3
1 1 3 45 2
1 1 3 45 1
1 1 3 45 0
0 0 0 0
