1 1 3 45 580
1 1 3 45 581
1 1 3 45 582
1 1 3 45 583
1 1 3 45 584
1 1 3 45 585
1 1 3 45 586
1 1 3 45 587
1 1 3 45 588
1 1 3 45 589
1 1 3 45 590
1 1 3 45 591
1 1 3 45 592
1 1 3 45 593
1 1 3 45 594
1 1 3 45 595
1 1 3 45 596
1 1 3 45 597
1 1 3 45 598
1 1 3 45 599
1 1 3 45 600
1 1 3 45 601
1 1 3 45 602
1 1 3 45 603
1 1 3 45 604
1 1 3 45 605
1 1 3 45 606
1 1 3 45 607
1 1 3 45 608
1 1 3 45 609
1 1 3 45 610
1 1 3 45 611
1 1 3 45 612
1 1 3 45 613
1 1 3 45 614
1 1 3 45 615
1 1 3 45 616
1 1 3 45 617
1 1 3 45 618
1 1 3 45 619
1 1 3 45 620
1 1 3 45 621
1 1 3 45 622
1 1 3 45 623
1 1 3 45 624
1 1 3 45 625
1 1 3 45 626
1 1 3 45 627
1 1 3 45 628
1 1 3 45 629
1 1 3 45 630
1 1 3 45 630
1 1 3 45 629
1 1 3 45 628
1 1 3 45 627
1 1 3 45 626
1 1 3 45 625
1 1 3 45 624
1 1 3 45 623
1 1 3 45 622
1 1 3 45 621
1 1 3 45 620
1 1 3 45 619
1 1 3 45 618
1 1 3 45 617
1 1 3 45 616
1 1 3 45 615
1 1 3 45 614
1 1 3 45 613
1 1 3 45 612
1 1 3 45 611
1 1 3 45 610
1 1 3 45 609
1 1 3 45 608
1 1 3 45 607
1 1 3 45 606
1 1 3 45 605
1 1 3 45 604
1 1 3 45 603
1 1 3 45 602
1 1 3 45 601
1 1 3 45 600
1 1 3 45 599
1 1 3 45 598
1 1 3 45 597
1 1 3 45 596
1 1 3 45 595
1 1 3 45 594
1 1 3 45 593
1 1 3 45 592
1 1 3 45 591
1 1 3 45 590
1 1 3 45 589
1 1 3 45 588
1 1 3 45 587
1 1 3 45 586
1 1 3 45 585
1 1 3 45 584
1 1 3 45 583
1 1 3 45 582
1 1 3 45 581
1 1 3 45 580
0 0 0 0
